8 0.525314 0.285124 0.021853 0.135971
8 0.494584 0.283910 0.028681 0.143256
8 0.543753 0.289980 0.020487 0.126259
8 0.048656 0.740732 0.027316 0.050989
8 0.734962 0.712809 0.042339 0.053417
8 0.490487 0.778367 0.009560 0.029137
8 0.441319 0.792935 0.006829 0.019424
9 0.704232 0.663381 0.021853 0.041277
9 0.718573 0.603893 0.039608 0.033993
9 0.624334 0.727724 0.034145 0.067986
2 0.417418 0.861788 0.030047 0.050989
2 0.406491 0.865430 0.024584 0.043705
2 0.403760 0.869072 0.016389 0.041277
2 0.382590 0.873928 0.036876 0.065558
2 0.373712 0.878784 0.027316 0.060701
2 0.360738 0.882426 0.025950 0.067986
2 0.342299 0.887976 0.024584 0.082554
2 0.307472 0.889190 0.061460 0.123831
2 0.248743 0.917113 0.110628 0.131115
2 0.505511 0.858492 0.015024 0.038849
2 0.514388 0.860921 0.019121 0.058273
2 0.524632 0.869419 0.031413 0.075270
2 0.534192 0.863349 0.025950 0.092266
2 0.577897 0.876703 0.099702 0.138399
2 0.480244 0.864563 0.040974 0.070414
8 0.084321 0.744320 0.018521 0.039859