9 0.431352 0.022529 0.090657 0.045058
9 0.420630 0.116977 0.131599 0.133440
9 0.609742 0.245218 0.047766 0.053723
9 0.612179 0.334467 0.037043 0.045058
9 0.612179 0.372593 0.035093 0.013864
9 0.614129 0.399455 0.033143 0.039859
2 0.039480 0.558890 0.078959 0.088383
2 0.396259 0.522497 0.211533 0.344865
2 0.255400 0.516432 0.083833 0.110911
2 0.143297 0.495636 0.144272 0.142105
2 0.021446 0.493036 0.042892 0.046791
2 0.053127 0.491303 0.045816 0.043325
2 0.494715 0.442779 0.012673 0.019063
2 0.509337 0.441046 0.014622 0.015597
9 0.213249 0.374842 0.016804 0.052634