8 0.085296 0.178498 0.018521 0.062388
8 0.228105 0.214891 0.015597 0.055456
8 0.102842 0.176765 0.016572 0.055456
8 0.237853 0.212291 0.007798 0.046791
9 0.254912 0.336200 0.012673 0.024262
9 0.301703 0.337067 0.022421 0.039859
9 0.652146 0.256483 0.035093 0.062388
9 0.366040 0.318004 0.018521 0.022529
2 0.159868 0.412452 0.074085 0.097048
2 0.274408 0.395122 0.045816 0.045058
2 0.310476 0.398588 0.032169 0.038126
2 0.338258 0.402921 0.023395 0.032927
2 0.380662 0.400321 0.053614 0.048524
2 0.441101 0.400321 0.038018 0.045058
2 0.501051 0.397722 0.023395 0.053723
2 0.536144 0.399455 0.035093 0.057189
2 0.587322 0.405520 0.038018 0.055456
2 0.655558 0.419384 0.057514 0.038126
2 0.710635 0.418518 0.058488 0.039859
2 0.733056 0.415918 0.029244 0.038126
2 0.202273 0.384724 0.020471 0.038126
2 0.233954 0.389057 0.027295 0.036393
9 0.335334 0.372593 0.009748 0.020796
2 0.051665 0.373460 0.019496 0.019063
2 0.424529 0.401188 0.030219 0.039859