8 0.395495 0.384597 0.011996 0.051185
8 0.687008 0.209715 0.011996 0.068246
8 0.703204 0.349407 0.010797 0.027725
9 0.691207 0.287559 0.044387 0.027725
8 0.857958 0.353673 0.017995 0.036256
2 0.506462 0.511493 0.015595 0.019194
2 0.490867 0.514692 0.017995 0.021327
2 0.329515 0.526421 0.043187 0.049052
2 0.240741 0.538151 0.050385 0.042654
3 0.149568 0.548815 0.076777 0.055450
2 0.072791 0.563744 0.088774 0.059716
2 0.606632 0.490166 0.028791 0.057583
2 0.637823 0.495497 0.050385 0.059716
2 0.549649 0.488033 0.075578 0.130095