8 0.391139 0.401969 0.015190 0.048945
8 0.532120 0.357243 0.012342 0.057384
8 0.406804 0.400964 0.014241 0.050633
8 0.542088 0.362146 0.009494 0.057384
8 0.298576 0.561856 0.018038 0.035443
8 0.613020 0.587462 0.018987 0.032067
8 0.766071 0.528390 0.012342 0.042194
8 0.803639 0.527426 0.031329 0.054008
9 0.776989 0.451115 0.051266 0.043882
9 0.604679 0.538879 0.023734 0.016878
8 0.605628 0.527064 0.010443 0.020253
9 0.170411 0.403375 0.048418 0.037131
9 0.163291 0.437131 0.030380 0.037131
8 0.169937 0.486920 0.028481 0.042194
8 0.138608 0.486076 0.034177 0.060759
9 0.368829 0.579747 0.018038 0.040506
9 0.496993 0.594768 0.008544 0.020253
2 0.471835 0.632911 0.009494 0.023629
2 0.477057 0.633755 0.006646 0.025316
2 0.483228 0.637131 0.009494 0.032068
2 0.491297 0.638818 0.012342 0.045570
2 0.437183 0.630379 0.010443 0.021941
2 0.422468 0.629536 0.013291 0.050633
2 0.407753 0.637131 0.018038 0.052321
2 0.380696 0.649789 0.039873 0.054008
3 0.534493 0.613502 0.078797 0.168776
2 0.166744 0.717299 0.253481 0.266667
2 0.844402 0.827510 0.308544 0.339240