9 0.619810 0.449297 0.084375 0.124219
9 0.476109 0.449297 0.087012 0.110156
9 0.282969 0.616875 0.032959 0.060937
9 0.205845 0.621562 0.052734 0.060937
9 0.162999 0.623906 0.032959 0.060937
9 0.157066 0.586406 0.018457 0.018750
9 0.228257 0.660234 0.021094 0.030469
9 0.393711 0.582890 0.019775 0.030469
9 0.551914 0.622734 0.014502 0.025781
9 0.659361 0.627421 0.015820 0.025781
8 0.640903 0.656718 0.007910 0.018750
8 0.589488 0.661406 0.007910 0.018750
8 0.689024 0.648515 0.009229 0.021094
8 0.582896 0.657890 0.007910 0.030469
2 0.183433 0.671718 0.050098 0.028125
2 0.119493 0.656484 0.067236 0.082031
2 0.045005 0.671718 0.063281 0.065625
2 0.490611 0.640078 0.031641 0.035156