9 0.191497 0.334068 0.060922 0.070169
9 0.037477 0.324152 0.024025 0.035085
9 0.036619 0.270000 0.046335 0.076271
9 0.775401 0.349322 0.065212 0.100678
9 0.773685 0.427881 0.030890 0.047288
9 0.592636 0.202119 0.108114 0.175424
9 0.446767 0.183814 0.168178 0.193729
9 0.276444 0.157119 0.148443 0.186102
9 0.291460 0.353136 0.054915 0.068644
9 0.415448 0.409576 0.016303 0.025932
2 0.599500 0.472881 0.020593 0.018305
2 0.630819 0.481271 0.050625 0.047288
2 0.555311 0.485085 0.054057 0.048814
2 0.418023 0.471356 0.071218 0.094576
9 0.068367 0.407288 0.010297 0.021356
9 0.132721 0.405763 0.012013 0.015254
9 0.223245 0.419491 0.009439 0.015254
9 0.257138 0.426356 0.008581 0.016780
2 0.468219 0.450000 0.018877 0.033559
2 0.235475 0.441429 0.012915 0.012245