2 0.072046 0.709592 0.019984 0.035526
2 0.046804 0.703047 0.038915 0.056094
2 0.025768 0.713331 0.026294 0.035526
9 0.059425 0.649758 0.047329 0.031787
9 0.019984 0.667521 0.016828 0.033657
2 0.006311 0.707576 0.012621 0.031495
2 0.411767 0.672196 0.013673 0.039266
2 0.470140 0.654432 0.029449 0.018698
2 0.479605 0.665651 0.042071 0.041136
2 0.534823 0.662847 0.057847 0.043006
2 0.507477 0.646953 0.047329 0.059834
2 0.569321 0.645083 0.032605 0.033657
2 0.597298 0.651628 0.064999 0.061704
2 0.646100 0.652563 0.062054 0.059834
2 0.703316 0.641344 0.057847 0.063573
2 0.857610 0.637604 0.115694 0.074792
2 0.746859 0.637604 0.095711 0.082272
2 0.436062 0.664716 0.054692 0.054224
2 0.974637 0.626074 0.048381 0.099100
8 0.036286 0.581822 0.011569 0.020568
8 0.491701 0.556579 0.007362 0.014958
8 0.439112 0.560319 0.007362 0.014958
3 0.243629 0.498117 0.339721 0.770360