2 0.057290 0.682988 0.114580 0.209689
2 0.909621 0.555177 0.179172 0.375444
2 0.197707 0.635958 0.169624 0.200703
2 0.745895 0.528617 0.101100 0.127811
2 0.655466 0.517134 0.037070 0.046930
2 0.607556 0.530214 0.027297 0.042737
2 0.570374 0.516568 0.045495 0.039941
2 0.615251 0.499360 0.006740 0.010984
2 0.598401 0.500858 0.015727 0.013979
9 0.326329 0.453328 0.014603 0.027959
9 0.328014 0.485780 0.015727 0.030954
8 0.529933 0.474796 0.005055 0.012981
8 0.656870 0.448336 0.007302 0.011982
8 0.622889 0.482884 0.004493 0.007988
8 0.698902 0.372448 0.010110 0.027959