9 0.101246 0.284856 0.133827 0.182175
9 0.222838 0.390218 0.042060 0.066616
2 0.413196 0.504354 0.016059 0.020393
2 0.399049 0.508432 0.022942 0.042145
2 0.379104 0.513082 0.032119 0.057100
2 0.478901 0.493369 0.019118 0.025831
2 0.497838 0.503021 0.039001 0.051662
2 0.451954 0.518656 0.058884 0.082931
2 0.545633 0.498943 0.041295 0.054381
2 0.322715 0.515445 0.103238 0.135575
2 0.644283 0.528852 0.149887 0.187613
2 0.114287 0.605362 0.228573 0.285498
9 0.461050 0.469750 0.029060 0.019033
9 0.437726 0.472469 0.019118 0.016314