8 0.005979 0.046772 0.011959 0.093543
3 0.013155 0.508110 0.026309 0.046772
2 0.083113 0.519803 0.027505 0.027638
2 0.338430 0.488977 0.052618 0.055276
2 0.389852 0.493228 0.016742 0.034016
2 0.165030 0.516614 0.138721 0.123307
9 0.540771 0.452622 0.014350 0.019134
9 0.518408 0.252992 0.101649 0.110551
8 0.524387 0.464528 0.010763 0.014882
8 0.505852 0.461339 0.009567 0.021260
8 0.633211 0.379488 0.013155 0.019134
9 0.557752 0.450709 0.007175 0.017008
2 0.532759 0.492165 0.010763 0.014882
2 0.523192 0.491102 0.010763 0.012756
2 0.510037 0.493228 0.010763 0.012756
2 0.498078 0.494291 0.013155 0.010630
2 0.486718 0.492165 0.009567 0.010630
2 0.475357 0.494291 0.013155 0.010630
2 0.463398 0.494291 0.010763 0.010630
2 0.453831 0.492165 0.013155 0.010630
2 0.444264 0.495354 0.010763 0.017008
2 0.416759 0.499606 0.041855 0.051024
2 0.608696 0.496417 0.043051 0.053150
2 0.554882 0.492165 0.014350 0.014882
2 0.570428 0.496417 0.011959 0.023386
2 0.581191 0.494291 0.011959 0.027638