8 0.039682 0.153795 0.020074 0.043844
0 0.210025 0.340899 0.029251 0.087689
0 0.826109 0.389841 0.020648 0.091767
0 0.797145 0.386782 0.022368 0.093807
0 0.733769 0.373527 0.018353 0.079532
0 0.752122 0.374547 0.018353 0.077492
0 0.768181 0.404116 0.032119 0.128474
0 0.257892 0.338030 0.012618 0.054041
2 0.529466 0.378305 0.028104 0.040785
2 0.416337 0.355339 0.034706 0.043796
2 0.471538 0.372188 0.059075 0.095846
2 0.612415 0.406855 0.129478 0.167221
9 0.683606 0.012765 0.034413 0.025491
9 0.782400 0.124416 0.037280 0.081571
8 0.793788 0.215143 0.013765 0.034668