2 0.742973 0.368924 0.067949 0.078356
2 0.055553 0.363210 0.075295 0.057134
2 0.150130 0.366475 0.047748 0.024486
2 0.198337 0.413815 0.094578 0.119166
2 0.278223 0.395859 0.059685 0.079988
2 0.383360 0.380351 0.069785 0.081620
4 0.477938 0.350151 0.102842 0.207316
2 0.325053 0.378718 0.037647 0.042443
8 0.548642 0.309341 0.014692 0.037545
9 0.236903 0.115901 0.043157 0.084885
8 0.945775 0.042443 0.024792 0.075091
8 0.604194 0.293017 0.011937 0.034281
8 0.749275 0.301179 0.011937 0.031016
8 0.709332 0.280774 0.009182 0.022854
8 0.652861 0.277509 0.010101 0.032648
3 0.917310 0.276693 0.162526 0.458706