9 0.899439 0.219505 0.172763 0.164846
2 0.847708 0.557005 0.049779 0.041645
2 0.734485 0.543123 0.038066 0.038175
2 0.677386 0.567416 0.033186 0.041645
2 0.632487 0.567416 0.029282 0.034704
2 0.642247 0.517095 0.015617 0.017352
2 0.565627 0.563078 0.012689 0.019087
2 0.543177 0.560475 0.012689 0.017352
9 0.621750 0.511022 0.021473 0.046851
9 0.555866 0.494537 0.020497 0.017352
9 0.552450 0.516227 0.064420 0.022558
9 0.464604 0.530109 0.011713 0.029499
2 0.520240 0.553534 0.023425 0.024293
2 0.489494 0.551799 0.020497 0.020823
2 0.441667 0.552667 0.018545 0.026028
2 0.460700 0.555270 0.011713 0.020823
2 0.355286 0.554402 0.027330 0.019087
2 0.366022 0.514492 0.019521 0.019087
2 0.290378 0.548329 0.045875 0.034704
2 0.140065 0.541388 0.034162 0.034704
2 0.072716 0.550932 0.090774 0.053792
9 0.523570 0.493593 0.034277 0.028125