2 0.035958 0.672874 0.071916 0.227480
2 0.131112 0.685630 0.120783 0.138189
2 0.210039 0.649488 0.104040 0.129685
2 0.277008 0.654803 0.037072 0.089291
2 0.303317 0.652677 0.037072 0.068032
2 0.329626 0.644173 0.025113 0.063780
2 0.353543 0.638858 0.025113 0.057402
2 0.372079 0.643110 0.019134 0.053150
2 0.398986 0.656929 0.020330 0.021260
2 0.503026 0.665433 0.020330 0.025512
2 0.522758 0.653740 0.021526 0.044646
2 0.541294 0.652677 0.025113 0.046772
2 0.555046 0.667559 0.047835 0.055276
8 0.418538 0.543105 0.007534 0.027470
8 0.485088 0.567638 0.008371 0.034016
9 0.375069 0.566575 0.010763 0.019134
9 0.373275 0.593150 0.011959 0.021260
2 0.868363 0.806811 0.260699 0.367795
2 0.613046 0.678189 0.015546 0.021260
8 0.467150 0.639921 0.005979 0.021260
8 0.447418 0.651614 0.009567 0.014882
8 0.467748 0.661181 0.009567 0.012756
8 0.410613 0.541709 0.004678 0.023563