2 0.416795 0.602105 0.015868 0.020619
2 0.436757 0.614755 0.012398 0.020204
2 0.450188 0.618428 0.016531 0.023878
2 0.466202 0.624857 0.019630 0.022041
2 0.484799 0.623020 0.017564 0.033061
2 0.501846 0.623939 0.026862 0.031224
2 0.523542 0.626694 0.016531 0.036735
2 0.543173 0.626694 0.026862 0.044082
2 0.563836 0.628530 0.035128 0.051429
2 0.590698 0.634959 0.030995 0.053265
2 0.616527 0.634959 0.045459 0.060612
2 0.663019 0.645979 0.078520 0.078980
2 0.803541 0.677777 0.146732 0.135227
2 0.365985 0.609245 0.040293 0.064286
2 0.090131 0.584449 0.145676 0.139592
2 0.290564 0.616592 0.118814 0.104694
9 0.718294 0.554694 0.015497 0.036735