8 0.346552 0.241170 0.013254 0.030493
8 0.593310 0.181571 0.015593 0.024949
8 0.076795 0.273742 0.022610 0.040195
8 0.818628 0.301463 0.012474 0.023563
9 0.633462 0.303542 0.016373 0.049897
9 0.637360 0.340965 0.010135 0.019405
8 0.643597 0.360369 0.014813 0.016632
9 0.652953 0.148306 0.070948 0.030493
9 0.581616 0.273049 0.009356 0.019405
8 0.268588 0.347202 0.013254 0.023563
2 0.439330 0.433829 0.038203 0.055441
2 0.471296 0.429671 0.024169 0.044353
2 0.329790 0.430364 0.042101 0.054055
2 0.364874 0.430364 0.026508 0.056827
2 0.381247 0.426899 0.018711 0.044353
2 0.395670 0.431057 0.013254 0.036037
2 0.408534 0.435908 0.010915 0.023563
2 0.488838 0.432443 0.010915 0.027721
2 0.503651 0.431057 0.017152 0.024949
2 0.516905 0.428285 0.015593 0.041581
2 0.537176 0.425513 0.026508 0.047125
2 0.543803 0.432443 0.019491 0.038809
2 0.562904 0.436601 0.017152 0.058214
2 0.586293 0.433829 0.056134 0.066530
2 0.849034 0.496201 0.226097 0.252259
2 0.934795 0.555801 0.127862 0.241170
9 0.135658 0.282058 0.026508 0.023563