8 0.387510 0.308178 0.013431 0.034898
8 0.469130 0.313688 0.015497 0.038571
8 0.550233 0.318280 0.012398 0.036735
8 0.443817 0.369971 0.008265 0.011020
8 0.355998 0.369052 0.010332 0.020204
9 0.615839 0.291647 0.015497 0.027551
0 0.064646 0.428090 0.022730 0.101020
0 0.092542 0.434519 0.020663 0.091837
0 0.181910 0.421662 0.015497 0.058776
0 0.206190 0.422580 0.012398 0.056939
0 0.243900 0.406705 0.011365 0.014694
0 0.256298 0.403950 0.009298 0.020204
0 0.128398 0.393848 0.022120 0.036735
0 0.612223 0.406968 0.010332 0.058775
2 0.569347 0.416152 0.058890 0.066122
2 0.689120 0.419825 0.107449 0.124898
2 0.482561 0.408542 0.021696 0.025714
2 0.421088 0.428746 0.074388 0.106531
0 0.554366 0.419563 0.018597 0.088163
3 0.868890 0.383090 0.260357 0.459184
0 0.160949 0.434293 0.020059 0.119717