2 0.760427 0.483345 0.018932 0.024307
2 0.776730 0.497369 0.030501 0.059834
2 0.806179 0.505783 0.049433 0.076662
2 0.851931 0.521676 0.058899 0.123407
2 0.906973 0.521988 0.101671 0.172646
2 0.545446 0.550658 0.043333 0.043006
2 0.571635 0.539439 0.030501 0.035526
2 0.493804 0.563747 0.059951 0.061704
2 0.435536 0.577770 0.069627 0.086011
2 0.746228 0.459973 0.009466 0.026177
2 0.696375 0.454737 0.009466 0.011219
2 0.682702 0.460346 0.015776 0.018698
2 0.356479 0.614855 0.114152 0.116551
2 0.637546 0.498615 0.022087 0.029917
2 0.673306 0.490201 0.030501 0.031787
2 0.721968 0.454051 0.019423 0.026801
2 0.027418 0.626385 0.054836 0.123407
2 0.971346 0.548788 0.054692 0.229986
2 0.698057 0.435665 0.007362 0.018698