9 0.370910 0.288209 0.052602 0.032305
9 0.362542 0.315838 0.048298 0.024654
9 0.696041 0.381769 0.007651 0.022953
9 0.638418 0.356690 0.016737 0.006801
9 0.637222 0.367316 0.005738 0.009351
9 0.607574 0.381343 0.005738 0.018703
9 0.639613 0.391120 0.012433 0.017853
9 0.381972 0.366041 0.011477 0.018703
9 0.308091 0.352439 0.013868 0.032305
8 0.398178 0.295481 0.006695 0.032305
8 0.512227 0.316734 0.007173 0.027204
8 0.519639 0.314183 0.007651 0.022103
8 0.551838 0.338507 0.005738 0.024654
2 0.323074 0.371236 0.006217 0.013602
2 0.360639 0.437027 0.059774 0.094364
2 0.578458 0.461680 0.030605 0.080762
2 0.845849 0.438302 0.047341 0.047607
2 0.714584 0.410248 0.033474 0.028904
2 0.677046 0.402597 0.037777 0.022103
2 0.650506 0.422149 0.020084 0.032305
2 0.965929 0.446803 0.025344 0.030605
2 0.902090 0.442127 0.033474 0.029754
2 0.329557 0.461255 0.076033 0.110516
2 0.170450 0.501920 0.219970 0.204880
2 0.483164 0.504045 0.204190 0.323048
2 0.732569 0.516797 0.201320 0.190428
2 0.070481 0.606202 0.140961 0.391341
2 0.393447 0.439973 0.017215 0.058659