9 0.504950 0.317137 0.015597 0.041592
2 0.137448 0.476573 0.274896 0.336200
2 0.270997 0.412452 0.091632 0.180231
2 0.321687 0.415052 0.050690 0.119576
2 0.344595 0.405520 0.030219 0.083184
2 0.357754 0.388190 0.017547 0.051990
2 0.397234 0.397722 0.063363 0.077985
2 0.365553 0.360462 0.023395 0.020796
2 0.413806 0.381258 0.041917 0.069320
2 0.844671 0.558890 0.307064 0.344865
3 0.679441 0.434114 0.181314 0.195828
2 0.580011 0.418518 0.068237 0.095315
2 0.544918 0.395122 0.066287 0.090116
2 0.514211 0.382991 0.036068 0.058922
2 0.490816 0.380392 0.026320 0.050257
2 0.477656 0.381258 0.023395 0.048524
2 0.462546 0.368261 0.014622 0.036393
2 0.448412 0.363928 0.013647 0.020796