2 0.466351 0.245593 0.007722 0.012203
2 0.464634 0.249407 0.009439 0.013729
2 0.462489 0.254746 0.010297 0.015254
2 0.446615 0.265424 0.019735 0.027458
2 0.429025 0.274576 0.024025 0.039661
2 0.416584 0.284491 0.021451 0.050339
2 0.400281 0.289830 0.030032 0.061017
2 0.369820 0.302034 0.042903 0.112881
2 0.498956 0.263898 0.011155 0.021356
2 0.503247 0.266949 0.007722 0.021356
2 0.508395 0.269237 0.011155 0.032034
2 0.521266 0.272288 0.023167 0.047288
2 0.549581 0.278390 0.054057 0.077797
2 0.631010 0.270763 0.044619 0.047288
2 0.678203 0.268475 0.084089 0.067119
2 0.291222 0.310424 0.135572 0.181525
2 0.107524 0.413172 0.215049 0.381356
9 0.523518 0.230993 0.011155 0.024407