9 0.668755 0.316597 0.014339 0.023452
9 0.501243 0.359422 0.014912 0.027530
9 0.502964 0.385423 0.006883 0.024471
9 0.425249 0.332402 0.012044 0.040785
8 0.100220 0.142239 0.024089 0.092787
8 0.312869 0.313708 0.010897 0.034668
8 0.300538 0.310650 0.009177 0.034668
8 0.220242 0.316767 0.009177 0.036707
9 0.382555 0.351945 0.011471 0.009177
2 0.297957 0.393580 0.059649 0.059139
2 0.349003 0.407855 0.027530 0.030589
2 0.091481 0.429777 0.075708 0.060159
2 0.036707 0.417542 0.020074 0.023452
2 0.186794 0.419873 0.028104 0.035687
2 0.234033 0.420893 0.044163 0.035687