9 0.762612 0.389698 0.078083 0.146441
8 0.396334 0.565627 0.009439 0.018305
8 0.312759 0.579915 0.007722 0.010678
8 0.306753 0.608898 0.007722 0.010678
8 0.372394 0.559830 0.006864 0.009153
2 0.398479 0.616729 0.015445 0.019831
2 0.355576 0.625119 0.020593 0.021356
2 0.226633 0.638063 0.054057 0.064068
2 0.103931 0.693305 0.206790 0.248644
2 0.508824 0.611390 0.010297 0.015254
2 0.518692 0.612915 0.009439 0.021356
2 0.531991 0.614441 0.015445 0.018305
2 0.544433 0.614441 0.009439 0.018305
2 0.556017 0.613678 0.015445 0.022881
2 0.576610 0.603000 0.027458 0.038136
2 0.581329 0.609864 0.036896 0.042712
2 0.592055 0.605288 0.037754 0.045763
2 0.616509 0.601474 0.030032 0.056441
2 0.661557 0.602237 0.075508 0.057966
2 0.756450 0.609477 0.036272 0.074884
2 0.973498 0.644839 0.037442 0.058243
2 0.910315 0.613637 0.088925 0.079045
2 0.850056 0.615717 0.040952 0.045763