8 0.216685 0.128406 0.011713 0.052057
8 0.562698 0.078085 0.010737 0.062468
8 0.541713 0.085893 0.025378 0.085026
8 0.708131 0.281973 0.014641 0.029499
8 0.696419 0.284576 0.008785 0.024293
2 0.415801 0.370469 0.025378 0.039910
2 0.373831 0.369601 0.037090 0.058997
2 0.449964 0.368734 0.025378 0.032969
2 0.283545 0.371337 0.137624 0.176992
4 0.515696 0.347911 0.067652 0.091967
4 0.405065 0.344441 0.027330 0.071144
8 0.453868 0.304531 0.005856 0.015617
8 0.443131 0.342705 0.005856 0.015617
8 0.452404 0.332294 0.004880 0.015617
8 0.333324 0.296722 0.008785 0.031234
0 0.625654 0.378277 0.009761 0.055527
0 0.613942 0.374807 0.009761 0.062468
0 0.638343 0.370469 0.013665 0.057262
0 0.687634 0.377410 0.012689 0.091967
0 0.743758 0.380880 0.015617 0.105848
0 0.704227 0.378277 0.014641 0.097172
0 0.726677 0.386953 0.010737 0.086761
0 0.774503 0.380880 0.012689 0.105848
0 0.786704 0.385218 0.015617 0.100643
0 0.803297 0.380880 0.021473 0.105848
3 0.892607 0.417320 0.133720 0.255077
0 0.190820 0.368734 0.022449 0.123200
0 0.124448 0.374807 0.020497 0.104113
0 0.074181 0.380880 0.019521 0.105848
0 0.032698 0.376542 0.024401 0.111054
0 0.016593 0.348779 0.009761 0.052057
0 0.152265 0.377410 0.019521 0.088496
0 0.134696 0.375675 0.015617 0.095437
0 0.086381 0.380013 0.010737 0.104113
0 0.106879 0.379145 0.016593 0.091967
0 0.060028 0.378277 0.014641 0.111054