8 0.611900 0.233672 0.015820 0.063281
8 0.515000 0.361406 0.009229 0.037500
8 0.331748 0.270000 0.014502 0.051562
8 0.343614 0.359062 0.006592 0.032812
8 0.709458 0.441093 0.010547 0.023437
9 0.690342 0.213750 0.027686 0.093750
9 0.331748 0.233672 0.011865 0.011719
9 0.613877 0.190312 0.011865 0.023437
9 0.168931 0.401250 0.047461 0.107812
2 0.574326 0.484453 0.043506 0.067969
2 0.344273 0.468047 0.023730 0.030469
4 0.402940 0.483281 0.075146 0.079687
4 0.478086 0.478593 0.019775 0.056250
4 0.511704 0.489140 0.058008 0.086719
2 0.595420 0.551250 0.101514 0.145312
2 0.945444 0.619218 0.108105 0.159375