2 0.270831 0.559586 0.017050 0.034974
2 0.222287 0.560441 0.014461 0.032022
2 0.070823 0.560751 0.055084 0.079275
2 0.132464 0.570078 0.076069 0.088601
2 0.390836 0.565415 0.068199 0.046632
2 0.190172 0.553756 0.023608 0.032642
0 0.514119 0.574741 0.020984 0.118912
0 0.567892 0.580570 0.036723 0.170207
0 0.598057 0.579404 0.034100 0.167876
0 0.664289 0.592228 0.038034 0.191192
0 0.700356 0.592228 0.034100 0.195855
9 0.325259 0.528109 0.013115 0.018653
2 0.011148 0.544430 0.022296 0.051295
2 0.246171 0.567975 0.039340 0.050863
8 0.173452 0.501216 0.005961 0.023312
8 0.221137 0.504395 0.005961 0.025432