2 0.280918 0.578444 0.069400 0.084040
2 0.353336 0.577550 0.037214 0.057219
2 0.396585 0.577550 0.021122 0.028609
2 0.449389 0.576656 0.028162 0.055430
2 0.206490 0.579338 0.071411 0.067947
2 0.003420 0.577550 0.006839 0.028609
2 0.120997 0.573973 0.065377 0.042914
2 0.169778 0.576656 0.024139 0.023245
2 0.322314 0.571380 0.025461 0.041302
2 0.426759 0.582020 0.017099 0.023245
2 0.416701 0.573079 0.011064 0.019669
8 0.317734 0.491722 0.008254 0.028609
8 0.359949 0.522119 0.008198 0.017881
8 0.388538 0.513179 0.005029 0.014305
8 0.434805 0.518543 0.005029 0.025033
8 0.419718 0.538212 0.005029 0.021457