8 0.323155 0.242933 0.008112 0.048809
8 0.491004 0.241269 0.008112 0.036606
8 0.464797 0.417646 0.005616 0.007765
8 0.432039 0.415427 0.004992 0.007765
8 0.317446 0.234614 0.004368 0.019967
8 0.332421 0.241824 0.011855 0.045481
8 0.501830 0.241269 0.011232 0.037716
8 0.548628 0.362736 0.008736 0.018858
8 0.558300 0.363291 0.011855 0.022186
8 0.600418 0.326130 0.006240 0.014421
8 0.311206 0.394905 0.013103 0.023295
8 0.178924 0.356635 0.020591 0.031060
2 0.127446 0.485312 0.092348 0.064339
2 0.465328 0.449260 0.025583 0.032169
2 0.499646 0.444823 0.030575 0.047699
9 0.200139 0.316701 0.033071 0.019967
9 0.173620 0.261791 0.033695 0.014421
9 0.584818 0.295070 0.013727 0.016639
9 0.550812 0.313373 0.015599 0.008874
9 0.550812 0.409326 0.006864 0.023295