2 0.404285 0.633513 0.041627 0.125581
2 0.317247 0.625664 0.175337 0.222010
2 0.496684 0.609966 0.015137 0.038123
2 0.473978 0.614451 0.035320 0.051578
2 0.651838 0.637998 0.045411 0.085216
2 0.684635 0.650332 0.070639 0.100914
2 0.526958 0.625664 0.052980 0.082973
2 0.591395 0.649958 0.084515 0.132309
2 0.804786 0.666029 0.214441 0.235465
2 0.463572 0.623421 0.044150 0.060548
2 0.135287 0.693313 0.270574 0.320681
2 0.025095 0.790725 0.047742 0.239950
9 0.319770 0.446262 0.016398 0.042608
9 0.090491 0.312832 0.050457 0.100914