2 0.341095 0.550256 0.136438 0.080390
2 0.643507 0.552517 0.014081 0.028609
2 0.664258 0.553029 0.010915 0.024949
2 0.894976 0.573770 0.110597 0.149791
2 0.944930 0.609163 0.109150 0.386704
8 0.471296 0.329184 0.014813 0.051283
8 0.767208 0.345651 0.014106 0.065474
8 0.446737 0.469173 0.017152 0.020791
8 0.846305 0.466401 0.019491 0.020791
8 0.485719 0.321560 0.009356 0.047125
8 0.229606 0.440760 0.019491 0.027721
9 0.238961 0.334728 0.021050 0.026335
9 0.234673 0.354825 0.023389 0.016632
9 0.245588 0.370072 0.029627 0.016632
9 0.602276 0.431750 0.041321 0.029107
9 0.649055 0.470559 0.027288 0.040195
9 0.959744 0.345816 0.037423 0.090092
2 0.762646 0.529528 0.037118 0.047002