9 0.072773 0.103795 0.031641 0.054375
9 0.129199 0.109420 0.030586 0.035625
9 0.111797 0.187232 0.126562 0.123750
9 0.302695 0.185357 0.120234 0.138750
9 0.451707 0.383036 0.012656 0.015000
9 0.482821 0.388661 0.013711 0.015000
8 0.367031 0.390536 0.012656 0.018750
8 0.393926 0.389598 0.013711 0.020625
9 0.419238 0.401250 0.009492 0.016875
9 0.447715 0.411562 0.013711 0.015000
2 0.362285 0.438750 0.017930 0.020625
2 0.406582 0.440357 0.043242 0.056250
2 0.441387 0.448794 0.039023 0.061875
2 0.457207 0.460982 0.017930 0.056250
2 0.469863 0.466607 0.020039 0.067500
2 0.483574 0.472232 0.024258 0.071250
2 0.523652 0.470357 0.068555 0.112500
2 0.641174 0.451607 0.060117 0.052500
2 0.900477 0.457232 0.062227 0.056250
2 0.579325 0.505848 0.122344 0.144375
2 0.383529 0.435803 0.013711 0.018750