0 0.123939 0.297280 0.024919 0.111917
0 0.217058 0.305440 0.017050 0.095596
0 0.140989 0.284456 0.014427 0.081606
0 0.150826 0.300777 0.015738 0.086269
0 0.187549 0.292617 0.015738 0.093264
0 0.080003 0.278627 0.015738 0.074611
0 0.845280 0.371891 0.020984 0.102591
0 0.728554 0.355570 0.015738 0.083938
0 0.718718 0.356736 0.014427 0.095596
0 0.708225 0.368394 0.017050 0.104922
0 0.064265 0.299611 0.031477 0.111917
2 0.321324 0.283290 0.010492 0.023316
2 0.331161 0.291451 0.011804 0.030311
2 0.350834 0.296114 0.030165 0.053627
2 0.382311 0.305440 0.043280 0.058290
2 0.422312 0.321762 0.041969 0.062953
2 0.573138 0.412694 0.259683 0.394041
2 0.301652 0.286788 0.026231 0.030311
9 0.329194 0.233161 0.015738 0.011658
9 0.386245 0.250648 0.009181 0.018653
9 0.464937 0.134067 0.017050 0.032642
9 0.464281 0.173705 0.013115 0.041969
8 0.291815 0.018653 0.019673 0.030311
8 0.448543 0.110751 0.015738 0.041969
8 0.441985 0.031477 0.018361 0.041969
8 0.179679 0.197021 0.020984 0.023316
8 0.300271 0.222332 0.011462 0.025472