8 0.643359 0.193125 0.014766 0.063750
8 0.745664 0.254062 0.014766 0.065625
8 0.631230 0.197812 0.013711 0.054375
8 0.224648 0.442500 0.014766 0.026250
8 0.200391 0.440625 0.014766 0.030000
9 0.216211 0.266250 0.029531 0.056250
9 0.225703 0.314062 0.014766 0.020625
9 0.224121 0.338437 0.013711 0.024375
9 0.204082 0.316875 0.026367 0.018750
9 0.731426 0.316875 0.020039 0.045000
9 0.526816 0.412500 0.026367 0.048750
2 0.511523 0.494330 0.016875 0.016875
2 0.533672 0.489643 0.016875 0.033750
2 0.543164 0.486830 0.021094 0.031875
2 0.561621 0.483080 0.049570 0.065625
2 0.498340 0.490580 0.015820 0.020625
2 0.455097 0.498080 0.022148 0.031875
2 0.442969 0.501830 0.021094 0.039375
2 0.592879 0.485062 0.092812 0.076875
2 0.482664 0.493500 0.024258 0.030000
2 0.408309 0.513187 0.052734 0.061875
2 0.686746 0.520687 0.177187 0.166875