2 0.367503 0.594416 0.157919 0.221823
2 0.096993 0.539827 0.143297 0.147304
2 0.839797 0.668935 0.312913 0.568421
2 0.186188 0.538960 0.070186 0.093582
2 0.236391 0.531162 0.047766 0.081451
2 0.267585 0.524230 0.032169 0.067587
2 0.302190 0.514699 0.042892 0.058922
2 0.667743 0.575353 0.210558 0.256483
2 0.558077 0.535494 0.100405 0.145571
2 0.501051 0.521631 0.066287 0.107445
2 0.464496 0.510366 0.026320 0.064121
2 0.442075 0.499102 0.026320 0.038126
2 0.424529 0.490437 0.018521 0.031194
8 0.320224 0.394256 0.010723 0.022529
8 0.404058 0.406387 0.008773 0.025995
9 0.604868 0.337067 0.028269 0.071053
9 0.469857 0.404654 0.009748 0.022529