2 0.046614 0.628198 0.093228 0.149769
2 0.738521 0.775887 0.267946 0.220493
2 0.107269 0.603236 0.091265 0.112327
2 0.150561 0.592836 0.058504 0.095686
2 0.183323 0.603236 0.021061 0.066564
2 0.190344 0.590755 0.046803 0.074884
2 0.209065 0.585555 0.035102 0.064484
2 0.229541 0.586595 0.022231 0.045763
2 0.239487 0.586595 0.014041 0.024961
2 0.578807 0.682281 0.161470 0.166410
2 0.489882 0.646919 0.091265 0.112327
2 0.438984 0.635478 0.038612 0.072804
2 0.423773 0.628198 0.029252 0.058243
2 0.403296 0.626118 0.030422 0.045763
2 0.395106 0.618837 0.028082 0.043683
2 0.384575 0.615717 0.021061 0.033282
2 0.371119 0.604276 0.024571 0.035362
2 0.355909 0.590755 0.022231 0.033282
2 0.338357 0.562674 0.012871 0.022881
2 0.329582 0.549153 0.009361 0.016641
2 0.325487 0.534592 0.010531 0.012481
2 0.254697 0.574114 0.016381 0.024961
2 0.259378 0.562674 0.021061 0.022881
2 0.265813 0.552273 0.012871 0.018721
2 0.272249 0.540832 0.011701 0.012481
2 0.277514 0.534592 0.012871 0.012481
8 0.267911 0.496110 0.007705 0.022881
8 0.344208 0.507550 0.005850 0.016641
8 0.325487 0.505470 0.005850 0.020801
8 0.313786 0.500270 0.005850 0.022881
8 0.295065 0.501310 0.005850 0.016641