2 0.084422 0.604413 0.168845 0.152968
2 0.911831 0.716104 0.174820 0.250090
2 0.797105 0.644476 0.158431 0.160252
2 0.197526 0.581347 0.098336 0.126259
2 0.263084 0.574063 0.054631 0.101978
2 0.575848 0.591059 0.038242 0.043705
2 0.366884 0.571635 0.035510 0.038849
2 0.385322 0.572849 0.017755 0.031565
2 0.392833 0.567992 0.019121 0.031565
2 0.401028 0.565564 0.019121 0.036421
2 0.407857 0.561922 0.024584 0.029137
2 0.553996 0.583775 0.016389 0.029137
2 0.545118 0.581347 0.017755 0.033993
2 0.534875 0.574063 0.016389 0.029137
2 0.523949 0.575277 0.019121 0.026709
2 0.517120 0.564350 0.019121 0.014568
2 0.476146 0.563136 0.010926 0.021853
2 0.462488 0.563136 0.013658 0.021853
8 0.361420 0.355537 0.008195 0.043705
8 0.484341 0.425951 0.008195 0.038849
8 0.540338 0.430807 0.005463 0.038849
8 0.454294 0.523073 0.008195 0.019424
8 0.470683 0.530358 0.010926 0.019424
8 0.490487 0.540070 0.009560 0.019424
8 0.749986 0.426298 0.009560 0.033993
8 0.239866 0.493070 0.010926 0.021853
8 0.768424 0.525501 0.013658 0.024281
9 0.780716 0.506077 0.024584 0.009712
9 0.510974 0.415025 0.009560 0.026709
9 0.514388 0.430807 0.021853 0.019424
9 0.621927 0.507767 0.015597 0.010398
8 0.619490 0.533761 0.012673 0.017330