2 0.353839 0.484570 0.074429 0.128742
2 0.484089 0.502450 0.073423 0.078675
2 0.037617 0.501556 0.075233 0.101921
2 0.119991 0.497086 0.099574 0.107285
3 0.232137 0.455960 0.138800 0.185960
3 0.117980 0.396060 0.103597 0.123377
9 0.397591 0.417517 0.011064 0.023245
9 0.454418 0.367450 0.016093 0.033974
0 0.712907 0.500662 0.032185 0.146623
0 0.765711 0.523013 0.039226 0.198477
0 0.810469 0.497086 0.028162 0.139470
0 0.822539 0.479205 0.014081 0.089404
0 0.794377 0.489934 0.018104 0.132318
0 0.754145 0.493510 0.020116 0.146623
8 0.733018 0.136788 0.018115 0.080464