8 0.934897 0.278203 0.052734 0.072656
8 0.448513 0.204947 0.017206 0.059139
8 0.610253 0.271224 0.014912 0.057100
8 0.431307 0.195770 0.012618 0.053021
8 0.438189 0.389501 0.012618 0.036707
2 0.134783 0.476171 0.087179 0.083610
2 0.255284 0.462187 0.040869 0.046875
2 0.481205 0.426208 0.027530 0.032628
2 0.503000 0.452719 0.025236 0.040785
2 0.520780 0.468014 0.021795 0.046903
2 0.552898 0.473112 0.040148 0.053021
2 0.378866 0.439922 0.034909 0.039844
2 0.285606 0.459843 0.035596 0.032812
2 0.456333 0.505547 0.105469 0.142969
2 0.403599 0.446953 0.021094 0.030469
2 0.312632 0.456328 0.023730 0.030469
9 0.507749 0.388359 0.007910 0.030469