9 0.142809 0.182831 0.030219 0.043325
9 0.137935 0.257349 0.047766 0.091849
9 0.798855 0.097048 0.059463 0.076252
9 0.804704 0.212291 0.032169 0.057189
8 0.822250 0.282478 0.032169 0.034660
8 0.308527 0.274679 0.012673 0.036393
2 0.068724 0.499968 0.137448 0.136906
2 0.218844 0.474840 0.082859 0.090116
2 0.298779 0.466175 0.047766 0.058922
2 0.331922 0.464442 0.026320 0.045058
2 0.437201 0.499102 0.086758 0.117843
2 0.377738 0.462709 0.020471 0.024262
2 0.401621 0.462709 0.013647 0.024262
2 0.481555 0.466175 0.027295 0.038126
3 0.599507 0.432381 0.109178 0.095315