8 0.270082 0.197830 0.012586 0.058958
8 0.528101 0.251161 0.011188 0.051743
8 0.614807 0.379676 0.016782 0.024862
9 0.251901 0.346646 0.026571 0.044751
3 0.859541 0.323027 0.276899 0.638950
2 0.274976 0.429933 0.019579 0.032320
2 0.309239 0.401342 0.034962 0.029834
2 0.305044 0.463496 0.040556 0.099448
2 0.215541 0.413773 0.020977 0.019890
2 0.185473 0.413773 0.025173 0.014917
2 0.226729 0.438635 0.029368 0.034807
2 0.189669 0.444850 0.033564 0.047238
2 0.152609 0.406314 0.034962 0.039779
2 0.398742 0.544298 0.222358 0.340608
2 0.103817 0.560117 0.207634 0.342412