2 0.871411 0.513468 0.078208 0.118854
2 0.801403 0.566167 0.119835 0.152492
2 0.659493 0.557197 0.136233 0.170432
2 0.514430 0.557197 0.095868 0.107641
2 0.422977 0.541499 0.066855 0.089701
8 0.310080 0.215212 0.022706 0.065033
8 0.325217 0.219697 0.020183 0.074003
8 0.342246 0.226425 0.013876 0.074003
8 0.677153 0.385644 0.022706 0.051578
8 0.408471 0.458526 0.017660 0.044850
9 0.861951 0.433858 0.029013 0.053821
9 0.815278 0.411433 0.023967 0.049336
9 0.717518 0.381159 0.022706 0.056063
9 0.413516 0.411433 0.020183 0.044850
2 0.935113 0.519074 0.127403 0.134551
5 0.202305 0.498891 0.404609 0.636877