2 0.547215 0.402504 0.014041 0.022881
2 0.564766 0.402504 0.021061 0.043683
2 0.582317 0.417065 0.037442 0.072804
2 0.688208 0.424345 0.040952 0.083205
2 0.489882 0.398344 0.011701 0.027042
2 0.477011 0.401464 0.018721 0.037442
2 0.459460 0.401464 0.023401 0.045763
2 0.433718 0.411865 0.009361 0.049923
2 0.407392 0.410825 0.050313 0.089445
2 0.257623 0.404584 0.043293 0.072804
2 0.323732 0.420185 0.138068 0.174730
2 0.128519 0.456587 0.257038 0.284977
2 0.632045 0.426426 0.090095 0.120647
2 0.847923 0.518991 0.301878 0.322419
2 0.522058 0.419145 0.050313 0.081125