3 0.478870 0.350474 0.022793 0.046919
3 0.453078 0.356872 0.028791 0.063981
3 0.426686 0.356872 0.023993 0.076777
3 0.404492 0.354739 0.029991 0.093839
3 0.349909 0.361137 0.086374 0.140758
3 0.130567 0.363270 0.261135 0.290047
2 0.549649 0.363270 0.015595 0.025592
3 0.587438 0.354739 0.023993 0.038389
2 0.605433 0.369668 0.026392 0.038389
2 0.637823 0.371801 0.043187 0.059716
2 0.648620 0.392061 0.045586 0.066114
2 0.709202 0.408057 0.085175 0.106635
2 0.537053 0.371801 0.023993 0.034123
2 0.931678 0.475237 0.136644 0.279384