8 0.255090 0.413882 0.012989 0.021316
8 0.393476 0.418322 0.009992 0.023092
8 0.402968 0.261118 0.010991 0.049737
8 0.414958 0.262007 0.012989 0.044408
8 0.394975 0.262895 0.008993 0.046184
2 0.384983 0.476053 0.014988 0.021316
2 0.407465 0.474276 0.009992 0.024868
2 0.411461 0.482270 0.009992 0.033750
2 0.418456 0.485822 0.013988 0.033750
2 0.426449 0.497368 0.015987 0.035526
2 0.438439 0.497368 0.011990 0.042632
2 0.458922 0.500033 0.038968 0.047961
2 0.324533 0.490263 0.055954 0.074605
2 0.212625 0.510691 0.021982 0.033750
2 0.182650 0.511579 0.043964 0.035526
2 0.662255 0.483158 0.051957 0.049737
2 0.819625 0.576081 0.360703 0.594399