9 0.453283 0.371507 0.006992 0.034807
8 0.421117 0.381452 0.006992 0.024862
9 0.365787 0.350375 0.022557 0.047238
9 0.594529 0.331728 0.032165 0.064641
2 0.351368 0.426381 0.033564 0.057182
2 0.472337 0.431354 0.015383 0.042265
2 0.482344 0.436326 0.017744 0.047238
2 0.507998 0.440055 0.044751 0.089503
2 0.535968 0.459945 0.041954 0.094475
2 0.594704 0.456215 0.100691 0.176519
2 0.710079 0.482320 0.225155 0.343094
2 0.437375 0.435083 0.026571 0.039779
2 0.308015 0.430110 0.053142 0.074586
2 0.266760 0.431354 0.032165 0.047238
2 0.242287 0.422652 0.016782 0.029834
2 0.050695 0.421409 0.025173 0.047238
2 0.017831 0.421409 0.034962 0.042265
2 0.140897 0.442541 0.163622 0.144199
2 0.858317 0.647652 0.281095 0.494751