2 0.437726 0.479256 0.011471 0.020393
2 0.446138 0.494891 0.014530 0.032628
2 0.447668 0.518002 0.009941 0.024471
2 0.397960 0.483335 0.017589 0.020393
2 0.386872 0.502368 0.016824 0.031269
2 0.380754 0.517323 0.021412 0.053021
2 0.264133 0.582579 0.043589 0.112840
2 0.180395 0.588697 0.134592 0.163142
2 0.070315 0.685223 0.140629 0.282779
2 0.840596 0.746401 0.317078 0.500302
2 0.714940 0.546552 0.157534 0.108761
2 0.355900 0.529558 0.042060 0.047583
2 0.469080 0.529558 0.037472 0.047583
2 0.550141 0.581220 0.106297 0.137311