8 0.325157 0.128203 0.030322 0.105469
8 0.557188 0.225469 0.019775 0.089062
8 0.724619 0.377812 0.017139 0.032812
8 0.058848 0.396562 0.019775 0.037500
8 0.078624 0.228984 0.027686 0.072656
8 0.208482 0.123516 0.026367 0.100781
9 0.713413 0.319219 0.029004 0.023437
9 0.711436 0.265312 0.038232 0.079687
9 0.631675 0.234844 0.073828 0.028125
8 0.569712 0.423515 0.007910 0.025781
8 0.514341 0.427031 0.010547 0.032812
8 0.477427 0.430547 0.010547 0.030469
9 0.595120 0.431716 0.010723 0.028130
2 0.521592 0.478593 0.014502 0.051562
2 0.535435 0.480937 0.023730 0.042187
2 0.461607 0.496172 0.031641 0.058594
2 0.416783 0.510234 0.055371 0.077344
2 0.495225 0.500859 0.048779 0.077344
2 0.361411 0.509062 0.052734 0.060937
2 0.563120 0.487968 0.034277 0.056250
2 0.759556 0.582890 0.377051 0.386718
9 0.239463 0.369609 0.022412 0.021094