2 0.087900 0.635634 0.175801 0.161798
3 0.902633 0.562319 0.193728 0.470224
2 0.217040 0.616673 0.099543 0.113764
2 0.286721 0.598976 0.059726 0.073315
2 0.330093 0.595184 0.044084 0.070786
2 0.357112 0.590128 0.027019 0.070786
2 0.389108 0.591392 0.042661 0.037921
2 0.659298 0.593920 0.022753 0.037921
2 0.630146 0.586336 0.038395 0.048034
2 0.690583 0.607825 0.039817 0.040449
2 0.564732 0.593920 0.046928 0.042978
2 0.503583 0.583808 0.038395 0.053090
2 0.535579 0.574960 0.025597 0.035393
8 0.468974 0.512119 0.008995 0.030337
8 0.562598 0.505798 0.005688 0.022753
8 0.694849 0.522592 0.008532 0.025281
8 0.627302 0.512480 0.007110 0.020225
2 0.605260 0.573696 0.022753 0.037921