9 0.296588 0.230986 0.018365 0.040810
9 0.400348 0.223640 0.018365 0.048972
9 0.213488 0.341989 0.013773 0.034281
9 0.213029 0.369740 0.012855 0.021221
9 0.632200 0.315054 0.023874 0.065296
9 0.516044 0.328930 0.030302 0.014692
9 0.515585 0.366475 0.014692 0.057134
8 0.316142 0.254564 0.011037 0.038062
8 0.155443 0.353882 0.009182 0.034281
2 0.685917 0.495435 0.090905 0.073458
2 0.296129 0.479655 0.074377 0.089782
2 0.444882 0.459114 0.012855 0.022854
2 0.460033 0.460747 0.021119 0.029383
2 0.370505 0.456666 0.022037 0.027751
2 0.216702 0.462379 0.020201 0.048972
2 0.243331 0.466460 0.051421 0.073458
2 0.183646 0.460747 0.032138 0.065296
2 0.130388 0.441566 0.113860 0.145284
2 0.397960 0.469317 0.038566 0.053869
2 0.005509 0.503597 0.010101 0.060399
8 0.375019 0.240644 0.014603 0.045932