9 0.169584 0.335721 0.019009 0.030237
9 0.440718 0.455781 0.013006 0.021344
9 0.360678 0.446887 0.011005 0.014229
2 0.423209 0.516522 0.026013 0.053360
2 0.387316 0.521369 0.065783 0.114279
2 0.506450 0.534842 0.154076 0.275692
2 0.190719 0.546937 0.274135 0.295003
2 0.851107 0.574141 0.290306 0.275216
0 0.590792 0.509140 0.013006 0.078261
0 0.614804 0.507362 0.015007 0.081818
0 0.697845 0.504694 0.021010 0.112055
0 0.634814 0.502026 0.019009 0.085376
0 0.670331 0.499358 0.022011 0.080040
0 0.719355 0.495801 0.026013 0.104941
0 0.758375 0.460227 0.016008 0.030237
0 0.770381 0.443330 0.016008 0.028459
0 0.789890 0.442441 0.011005 0.012451
0 0.822907 0.425544 0.031015 0.035573
0 0.904113 0.422134 0.034017 0.053360
0 0.065933 0.609546 0.083041 0.293478