8 0.449082 0.236015 0.014502 0.058594
8 0.640936 0.409344 0.016572 0.035375
8 0.435899 0.231328 0.009229 0.058594
8 0.462266 0.233672 0.011865 0.067969
9 0.524888 0.250078 0.076465 0.025781
9 0.491929 0.368437 0.013184 0.028125
9 0.490611 0.400078 0.018457 0.030469
0 0.236579 0.439053 0.014998 0.046269
0 0.768125 0.518437 0.032959 0.159375
2 0.758897 0.511406 0.130517 0.093750
2 0.919077 0.531328 0.152930 0.086719
0 0.155969 0.433248 0.017547 0.065854
0 0.106254 0.442779 0.015597 0.060655
0 0.483505 0.449711 0.011698 0.050257
2 0.329485 0.458376 0.021446 0.019063