0 0.227516 0.746950 0.038600 0.234566
0 0.331035 0.701409 0.014037 0.043669
0 0.313489 0.689556 0.012633 0.069871
0 0.288925 0.705776 0.011229 0.052403
0 0.173124 0.691636 0.018247 0.132255
0 0.148911 0.671049 0.031582 0.205869
0 0.130313 0.658572 0.014037 0.111044
0 0.111714 0.687269 0.023160 0.143484
0 0.084694 0.697250 0.035091 0.116035
8 0.411745 0.566243 0.014037 0.026201
2 0.364021 0.704528 0.051935 0.089834
2 0.647083 0.722316 0.030880 0.039926
2 0.499933 0.805474 0.286345 0.384288
2 0.873070 0.775343 0.252657 0.170933
8 0.762891 0.533595 0.016844 0.032440
9 0.236990 0.070494 0.092641 0.056146
9 0.216988 0.318993 0.035793 0.082347
9 0.203654 0.454991 0.042811 0.084843
9 0.800673 0.568114 0.035793 0.024954
9 0.788040 0.651710 0.027371 0.062384
0 0.810257 0.734764 0.016142 0.058641
0 0.829557 0.725406 0.008422 0.037431
0 0.840436 0.716049 0.006316 0.028697