2 0.442013 0.535310 0.027530 0.030589
2 0.417924 0.549585 0.011471 0.030589
2 0.399570 0.552643 0.032119 0.036707
2 0.355407 0.554683 0.058502 0.057100
2 0.319848 0.563859 0.037854 0.059139
2 0.273390 0.585272 0.080296 0.089728
2 0.513706 0.538369 0.014912 0.024471
2 0.529192 0.540408 0.013765 0.036707
2 0.540089 0.546526 0.021795 0.040785
2 0.554428 0.548565 0.020648 0.044864
2 0.569914 0.550604 0.026383 0.048943
2 0.588841 0.557742 0.032119 0.067296
2 0.611782 0.560801 0.041295 0.077492
2 0.633004 0.573036 0.060796 0.097885
2 0.485786 0.517951 0.017551 0.020801
8 0.467065 0.497150 0.010531 0.016641
8 0.491052 0.498190 0.009361 0.018721