2 0.428515 0.437051 0.015024 0.021853
2 0.439441 0.455261 0.031413 0.048561
2 0.267352 0.447977 0.042339 0.043705
2 0.306960 0.440693 0.023218 0.029137
2 0.111653 0.450405 0.020487 0.043705
2 0.028852 0.454047 0.057704 0.070414
8 0.345031 0.389530 0.010926 0.029137
8 0.409223 0.401670 0.008195 0.024281
9 0.407174 0.382246 0.012292 0.014568
9 0.461123 0.373748 0.016389 0.036421
9 0.303375 0.394386 0.015024 0.033993
8 0.522583 0.350681 0.019121 0.043705
9 0.060948 0.399242 0.019121 0.019424
2 0.383273 0.491441 0.109263 0.155531
2 0.476146 0.470870 0.062826 0.075270
2 0.742978 0.453499 0.377964 0.404737
9 0.151773 0.407741 0.012292 0.046133
2 0.190015 0.453874 0.034145 0.041277