8 0.200135 0.200724 0.014988 0.088816
8 0.666751 0.200724 0.012989 0.106579
8 0.441437 0.555099 0.007993 0.012434
0 0.688184 0.630592 0.016986 0.058618
0 0.664203 0.633257 0.012989 0.056842
0 0.321985 0.605724 0.009992 0.030197
2 0.467415 0.617270 0.017985 0.023092
2 0.345116 0.599063 0.036770 0.048849
2 0.406965 0.643026 0.110909 0.170526
2 0.556342 0.659901 0.103914 0.122566
0 0.519872 0.612829 0.014988 0.035526
2 0.761174 0.649243 0.117903 0.158092
2 0.145680 0.640362 0.289762 0.349934
2 0.850600 0.763816 0.296756 0.468947
0 0.629282 0.627928 0.023980 0.094145
2 0.490396 0.621711 0.019984 0.028421