8 0.450395 0.301291 0.006035 0.023245
8 0.375463 0.321854 0.007041 0.021457
8 0.408151 0.042914 0.018104 0.067947
8 0.433296 0.049172 0.022127 0.069735
8 0.444360 0.302185 0.004023 0.021457
8 0.445366 0.355828 0.004023 0.014305
8 0.473025 0.352252 0.005029 0.017881
8 0.482077 0.360298 0.005029 0.016093
8 0.456430 0.363874 0.004023 0.016093
8 0.592212 0.311126 0.016093 0.035762
8 0.824550 0.151987 0.074429 0.103709
2 0.437320 0.387119 0.016093 0.023245
2 0.460453 0.388013 0.014081 0.017881
2 0.417204 0.394272 0.012070 0.019669
2 0.404128 0.394272 0.008046 0.019669
2 0.391556 0.399636 0.013075 0.023245
2 0.369931 0.399636 0.022127 0.023245
2 0.208501 0.421093 0.053307 0.062583
2 0.126026 0.426457 0.121701 0.098344
2 0.488615 0.382649 0.022127 0.014305
2 0.487609 0.418411 0.040232 0.053642
9 0.749116 0.111755 0.050290 0.212781
2 0.918089 0.425563 0.158916 0.153775
9 0.784319 0.272682 0.042243 0.033974