9 0.442839 0.266119 0.098235 0.094250
9 0.523922 0.277900 0.059253 0.062372
9 0.634242 0.293840 0.031965 0.063758
9 0.680241 0.240477 0.044440 0.081776
9 0.590971 0.356904 0.012474 0.029107
9 0.569141 0.366607 0.012474 0.029107
9 0.511837 0.372151 0.014813 0.015246
8 0.773019 0.163552 0.005458 0.022177
9 0.460381 0.367993 0.007017 0.020791
9 0.477143 0.366607 0.006237 0.012474
9 0.476753 0.381160 0.005458 0.011088
9 0.333298 0.375616 0.011695 0.016632
9 0.372671 0.360369 0.009356 0.019405
9 0.390992 0.337500 0.013254 0.009702
9 0.538735 0.237705 0.024949 0.020791
2 0.267808 0.449076 0.150472 0.163552
2 0.364874 0.422048 0.043660 0.059600
2 0.438551 0.415118 0.033525 0.051283
2 0.482990 0.414425 0.031965 0.055441
2 0.560955 0.426899 0.070948 0.094250
2 0.097066 0.404030 0.119286 0.092864
2 0.182827 0.418583 0.044440 0.036037
2 0.523142 0.410267 0.017152 0.027721
2 0.500922 0.416504 0.008576 0.034651
2 0.510668 0.415118 0.010915 0.026335
8 0.835780 0.167710 0.007796 0.027721
2 0.459601 0.417890 0.011695 0.029107