2 0.124775 0.511233 0.173516 0.197561
2 0.509337 0.519031 0.110153 0.147304
2 0.228592 0.487837 0.077010 0.116110
2 0.271484 0.494769 0.030219 0.081451
2 0.296342 0.480905 0.027295 0.053723
2 0.310476 0.477439 0.022421 0.039859
2 0.325586 0.469641 0.015597 0.031194
2 0.333872 0.465308 0.016572 0.025995
2 0.462059 0.501701 0.050690 0.081451
2 0.436714 0.500835 0.027295 0.069320
2 0.425504 0.490437 0.024370 0.055456
2 0.413319 0.493036 0.027295 0.053723
2 0.399184 0.479172 0.016572 0.036393
2 0.386999 0.476573 0.013647 0.027728
2 0.378225 0.475706 0.015597 0.029461
9 0.416243 0.439313 0.013647 0.015597
9 0.293905 0.433248 0.018521 0.027728