2 0.130475 0.539099 0.127538 0.120647
2 0.007033 0.566660 0.014041 0.057203
2 0.337577 0.521418 0.045633 0.054083
2 0.818025 0.518991 0.071959 0.071764
2 0.553150 0.513374 0.005265 0.006240
2 0.558416 0.513894 0.005265 0.009361
2 0.564558 0.513374 0.005850 0.010401
2 0.570116 0.513894 0.005265 0.009361
2 0.576259 0.515455 0.008190 0.012481
2 0.585620 0.514414 0.011701 0.018721
2 0.597320 0.515975 0.010531 0.019761
2 0.616919 0.509734 0.026327 0.036402
2 0.627157 0.514414 0.018721 0.029122
2 0.650559 0.514935 0.036272 0.044723
2 0.778535 0.510150 0.047973 0.033282
2 0.660065 0.522111 0.038027 0.044723
2 0.719446 0.513790 0.072544 0.088405
2 0.545486 0.517015 0.011701 0.015601
2 0.470017 0.517535 0.005850 0.012481
9 0.662271 0.416045 0.029252 0.014561