8 0.342616 0.361621 0.007595 0.016878
8 0.389135 0.371747 0.007595 0.016878
9 0.510654 0.343899 0.011392 0.028692
9 0.375949 0.378903 0.022785 0.010127
9 0.368354 0.361181 0.039873 0.018565
9 0.147152 0.352742 0.009494 0.011814
9 0.148101 0.368776 0.007595 0.013502
2 0.358861 0.398593 0.009494 0.015190
2 0.367880 0.402813 0.008544 0.020253
2 0.378797 0.406188 0.013291 0.027004
2 0.300475 0.404501 0.016139 0.020253
2 0.286709 0.404501 0.011392 0.020253
2 0.268196 0.406188 0.023734 0.023629
2 0.232120 0.404501 0.021835 0.016878
2 0.203164 0.402250 0.017089 0.013502
2 0.153797 0.410689 0.041772 0.030380
2 0.117247 0.414507 0.016139 0.021137
2 0.345569 0.398915 0.018987 0.025316
2 0.389715 0.411573 0.027532 0.033755
2 0.452848 0.415792 0.045570 0.055696
2 0.551107 0.434358 0.107278 0.129958