9 0.407637 0.283750 0.032695 0.033750
9 0.374414 0.281875 0.031641 0.033750
2 0.427148 0.384062 0.023203 0.061875
2 0.325898 0.396250 0.023203 0.060000
2 0.300586 0.404687 0.044297 0.073125
2 0.376523 0.365312 0.078047 0.099375
4 0.312715 0.357812 0.034805 0.028125
4 0.259453 0.348437 0.065391 0.046875
2 0.219375 0.400000 0.012656 0.026250
2 0.256289 0.424375 0.073828 0.101250
2 0.149787 0.472207 0.176133 0.191250
2 0.383927 0.469394 0.127617 0.174375
3 0.507325 0.347519 0.127617 0.279375
3 0.791543 0.443437 0.414492 0.883125