8 0.432514 0.489486 0.007003 0.014229
8 0.408502 0.494822 0.007003 0.014229
8 0.416506 0.509052 0.009004 0.014229
2 0.409502 0.539289 0.019009 0.024901
2 0.423509 0.546403 0.017008 0.024901
3 0.435015 0.527727 0.012006 0.019565
2 0.449022 0.536621 0.010005 0.023123
2 0.457526 0.538399 0.011005 0.030237
2 0.471033 0.541957 0.022011 0.037352
2 0.381488 0.540178 0.013006 0.019565
2 0.369983 0.541067 0.014007 0.032016
2 0.360978 0.548182 0.016008 0.035573
2 0.338967 0.549961 0.036018 0.046245
2 0.108354 0.589091 0.085042 0.060474
2 0.301449 0.554407 0.019009 0.037352
2 0.279938 0.555297 0.020010 0.035573
2 0.257427 0.561522 0.025012 0.033794
2 0.223911 0.568637 0.042021 0.037352
9 0.603098 0.367648 0.012006 0.026680
9 0.612102 0.396996 0.014007 0.017787
9 0.596595 0.392550 0.011005 0.008893
9 0.159379 0.531285 0.013006 0.019565
9 0.266432 0.525949 0.011005 0.012451
9 0.278438 0.508162 0.013006 0.026680