0 0.809578 0.239153 0.063363 0.329268
0 0.752064 0.240886 0.065312 0.249551
0 0.517623 0.233087 0.025345 0.140372
0 0.533707 0.231354 0.026320 0.168100
0 0.553203 0.220090 0.043866 0.183697
2 0.459134 0.194962 0.029244 0.060655
2 0.481555 0.225289 0.070186 0.121309
8 0.409419 0.096181 0.037043 0.074519
8 0.375301 0.083184 0.015597 0.062388
0 0.426966 0.196695 0.019496 0.043325
0 0.411856 0.197561 0.016572 0.027728
0 0.398209 0.194962 0.012673 0.032927
0 0.382612 0.191496 0.012673 0.032927
0 0.375788 0.195828 0.012673 0.031194
0 0.366040 0.195828 0.010723 0.031194
8 0.268072 0.112644 0.009748 0.041592
2 0.170591 0.266881 0.029244 0.041592
2 0.187651 0.280745 0.034118 0.055456
2 0.037043 0.253883 0.072136 0.053723
2 0.057514 0.358729 0.111128 0.183697
2 0.350443 0.436714 0.367503 0.454044