3 0.221281 0.535494 0.083833 0.065854
2 0.038992 0.551958 0.042892 0.067587
2 0.023395 0.587484 0.042892 0.121309
9 0.050203 0.508633 0.012673 0.015597
9 0.651659 0.172433 0.055564 0.032927
9 0.661895 0.428049 0.007798 0.020796
8 0.670668 0.358729 0.009748 0.045058
8 0.493253 0.146438 0.013647 0.053723
8 0.911445 0.307606 0.023395 0.088383
2 0.281024 0.528698 0.036272 0.031202
2 0.320806 0.531819 0.033932 0.033282
2 0.351813 0.528698 0.030422 0.031202
2 0.410317 0.523498 0.018721 0.041602
8 0.904671 0.393144 0.024571 0.037442