9 0.552397 0.516048 0.009798 0.030484
2 0.402359 0.567218 0.018372 0.019597
2 0.472785 0.563952 0.017147 0.021774
2 0.549947 0.565040 0.024496 0.023952
9 0.513816 0.536734 0.013473 0.023952
9 0.385824 0.531290 0.007349 0.017419
2 0.366240 0.598714 0.012273 0.043395
2 0.347856 0.605323 0.026946 0.034839
2 0.324584 0.603145 0.022046 0.065323
2 0.285391 0.609677 0.068589 0.078387
2 0.064796 0.672388 0.127642 0.173324
2 0.489932 0.592258 0.024496 0.052258
2 0.502180 0.605323 0.031845 0.060968
2 0.542599 0.618387 0.068589 0.091452
2 0.821853 0.770807 0.352742 0.452903
2 0.413806 0.571887 0.008773 0.010398