2 0.787571 0.371069 0.071191 0.070766
2 0.349706 0.388760 0.023730 0.095262
2 0.397039 0.399420 0.099515 0.121119
3 0.635747 0.333417 0.062005 0.144254
9 0.148252 0.262198 0.029089 0.119758
9 0.355319 0.288054 0.014544 0.024496
9 0.354936 0.256754 0.013779 0.038105
9 0.526791 0.401689 0.019137 0.044909
9 0.540953 0.346573 0.018372 0.032661
9 0.452920 0.302344 0.016841 0.023135
9 0.439907 0.338407 0.009186 0.035383
9 0.439141 0.304385 0.009186 0.024496
9 0.539549 0.282611 0.020668 0.057157
9 0.807346 0.207762 0.030620 0.040827
8 0.442586 0.258795 0.013013 0.025857
8 0.478565 0.256074 0.011482 0.020413
8 0.537891 0.220691 0.015310 0.025857
8 0.700177 0.228175 0.013779 0.021774
8 0.743044 0.227495 0.018372 0.025857
2 0.489170 0.382183 0.026027 0.044909
2 0.677293 0.361273 0.016075 0.024496
9 0.984432 0.184400 0.026792 0.129284