8 0.476793 0.397441 0.005616 0.021235
8 0.420012 0.404572 0.005616 0.011093
8 0.384133 0.400135 0.007488 0.011093
8 0.642146 0.373116 0.014351 0.036606
9 0.618681 0.124816 0.046174 0.065448
9 0.612332 0.255690 0.048670 0.029951
9 0.518112 0.391578 0.012479 0.019967
9 0.538703 0.380485 0.012479 0.019967
9 0.388014 0.381409 0.013103 0.025514
9 0.480049 0.450739 0.008736 0.015530
9 0.436683 0.439092 0.008112 0.012202
2 0.448447 0.479528 0.015599 0.026623
2 0.414752 0.492285 0.033071 0.047699
2 0.374818 0.517244 0.065517 0.084306
2 0.166788 0.642387 0.327586 0.342769