2 0.206172 0.581419 0.174491 0.175032
2 0.316813 0.551958 0.083833 0.129974
2 0.374814 0.541560 0.043866 0.095315
2 0.408932 0.537227 0.041917 0.069320
2 0.434764 0.525096 0.040942 0.065854
2 0.461084 0.521631 0.021446 0.048524
2 0.480580 0.514699 0.023395 0.038126
2 0.501051 0.509500 0.017547 0.027728
2 0.513724 0.511233 0.007798 0.024262
2 0.522984 0.509500 0.012673 0.027728
2 0.534195 0.503434 0.009748 0.015597
2 0.644348 0.500835 0.048740 0.065854
2 0.616566 0.499968 0.016572 0.036393
2 0.605843 0.498235 0.012673 0.032927
2 0.592683 0.498235 0.011698 0.022529
2 0.573674 0.505167 0.020471 0.022529