8 0.589271 0.038992 0.012673 0.064121
8 0.438664 0.291143 0.007798 0.020796
8 0.459134 0.274679 0.005849 0.019063
8 0.538581 0.281611 0.004874 0.015597
9 0.728181 0.159435 0.027295 0.020796
8 0.577574 0.042458 0.010723 0.060655
8 0.600482 0.045341 0.007798 0.062954
2 0.636550 0.362195 0.044841 0.086650
2 0.395285 0.350064 0.030219 0.051990
2 0.361166 0.358729 0.043866 0.058922
2 0.332897 0.369994 0.038018 0.064121
2 0.277333 0.371727 0.077010 0.091849
2 0.540781 0.437194 0.200335 0.292103
0 0.212508 0.351797 0.015597 0.058922
0 0.244677 0.344865 0.009748 0.045058
0 0.855394 0.364795 0.026320 0.109178
0 0.758401 0.361329 0.015597 0.077985
0 0.737442 0.370860 0.026320 0.124775
0 0.861243 0.336200 0.022421 0.097048
0 0.683340 0.332734 0.013647 0.051990
0 0.715509 0.323203 0.015597 0.043325
0 0.986632 0.344858 0.025598 0.072771
9 0.169617 0.199601 0.029244 0.023648
8 0.748165 0.245218 0.018521 0.025995
8 0.154994 0.266881 0.011698 0.031194