9 0.681773 0.420000 0.010547 0.032812
9 0.321861 0.325078 0.021094 0.053906
2 0.501817 0.506718 0.009229 0.018750
2 0.497202 0.511406 0.013184 0.023437
2 0.487315 0.516093 0.019775 0.028125
2 0.547300 0.504375 0.010547 0.032812
2 0.556529 0.511406 0.021094 0.032812
2 0.573008 0.505547 0.032959 0.025781
2 0.572349 0.519609 0.034277 0.035156
2 0.607945 0.514922 0.073828 0.049219
2 0.646836 0.524297 0.054053 0.053906
2 0.661997 0.526640 0.073828 0.067969
2 0.716709 0.520781 0.154248 0.098437
2 0.725938 0.545390 0.138428 0.105469
2 0.408872 0.552421 0.094922 0.157031
2 0.517637 0.509062 0.011865 0.018750
2 0.531480 0.513750 0.023730 0.042187
2 0.856455 0.545390 0.286084 0.213281
3 0.193889 0.520781 0.387779 0.548437