9 0.237988 0.042491 0.090142 0.048561
9 0.242768 0.246448 0.050534 0.082554
9 0.200429 0.585162 0.020487 0.118975
9 0.282376 0.437051 0.031413 0.046133
9 0.330178 0.445549 0.028681 0.043705
9 0.639187 0.268705 0.068289 0.097122
9 0.387883 0.450405 0.013658 0.021853
9 0.413832 0.462545 0.010926 0.012140
9 0.464366 0.491682 0.010926 0.016996
9 0.033462 0.528103 0.012292 0.016996
2 0.107385 0.565738 0.114726 0.106835
2 0.187283 0.567992 0.050534 0.060701
2 0.237134 0.553424 0.049168 0.055845
2 0.280839 0.546140 0.038242 0.050989
2 0.308155 0.546140 0.030047 0.041277
2 0.418783 0.519431 0.016389 0.021853
2 0.407174 0.524287 0.017755 0.021853
2 0.390102 0.531572 0.021853 0.021853
2 0.483658 0.519431 0.006829 0.026709
2 0.478878 0.520645 0.019121 0.024281
2 0.504145 0.510933 0.012292 0.019424
2 0.538289 0.521859 0.020487 0.036421
2 0.538972 0.524287 0.013658 0.031565
2 0.551947 0.527929 0.028681 0.038849
3 0.591555 0.536428 0.053266 0.084982
2 0.463342 0.511714 0.012292 0.021853
2 0.453099 0.510500 0.010926 0.014568
2 0.444221 0.515356 0.015024 0.019424
2 0.518656 0.512928 0.010926 0.019424
8 0.545118 0.484224 0.006829 0.019424
8 0.534192 0.490295 0.009560 0.021853
9 0.572127 0.443121 0.017755 0.026709
9 0.654074 0.432195 0.017755 0.033993
9 0.616515 0.446763 0.016389 0.029137