2 0.367566 0.599557 0.140676 0.201529
2 0.937098 0.595915 0.124286 0.135971
2 0.444733 0.580133 0.038242 0.114119
2 0.459074 0.571635 0.025950 0.072842
2 0.469317 0.559494 0.021853 0.053417
2 0.475463 0.558280 0.012292 0.046133
2 0.482292 0.555852 0.017755 0.046133
2 0.782082 0.583775 0.084679 0.072842
2 0.680331 0.563136 0.047802 0.046133
2 0.623651 0.554638 0.032779 0.029137
2 0.602481 0.555852 0.020487 0.026709
2 0.588140 0.549782 0.016389 0.024281
2 0.575166 0.546140 0.015024 0.021853
2 0.563556 0.548568 0.010926 0.016996
3 0.485707 0.538856 0.030047 0.060701
2 0.551264 0.542498 0.010926 0.019424
2 0.538972 0.542498 0.013658 0.019424