8 0.636948 0.115312 0.023730 0.089062
8 0.947422 0.521953 0.022412 0.035156
8 0.919077 0.518437 0.010547 0.037500
8 0.934238 0.451640 0.017139 0.067969
8 0.650132 0.567656 0.007910 0.023437
8 0.685728 0.566484 0.007910 0.021094
8 0.419419 0.509062 0.021094 0.042187
8 0.448423 0.383672 0.015820 0.063281
9 0.478086 0.459843 0.025049 0.023437
9 0.432603 0.450468 0.047461 0.037500
8 0.665293 0.128203 0.025049 0.096094
9 0.857114 0.504375 0.021094 0.032812
9 0.808335 0.507890 0.015820 0.016406
9 0.785923 0.500859 0.023730 0.021094
9 0.784605 0.519609 0.013184 0.030469
9 0.783945 0.553593 0.011865 0.028125
9 0.474131 0.487968 0.011865 0.032812
9 0.471494 0.526640 0.011865 0.039844
2 0.851182 0.628593 0.046143 0.060937
2 0.799766 0.625078 0.030322 0.044531
2 0.671885 0.593437 0.014502 0.014062
2 0.692979 0.606328 0.030322 0.053906
9 0.567075 0.521953 0.010547 0.035156