2 0.987794 0.471253 0.023910 0.076511
2 0.069338 0.464509 0.136764 0.122418
2 0.181236 0.436455 0.075555 0.062909
2 0.364864 0.442406 0.033474 0.044207
2 0.423204 0.437305 0.027735 0.034005
2 0.394512 0.438155 0.031561 0.039106
2 0.589425 0.447507 0.041125 0.051008
2 0.929422 0.467910 0.086075 0.064610
2 0.886384 0.469610 0.024866 0.044207
2 0.637627 0.439855 0.023910 0.028904
2 0.619455 0.438155 0.021997 0.032305
2 0.230491 0.430504 0.024866 0.030605
3 0.304611 0.414522 0.096596 0.132620
4 0.546865 0.413672 0.072686 0.124118
2 0.759949 0.479981 0.246749 0.280542
2 0.486804 0.480831 0.128157 0.190428
9 0.270659 0.365214 0.021041 0.088413