0 0.199795 0.538004 0.026027 0.119758
0 0.166113 0.544809 0.026027 0.127923
0 0.138938 0.550933 0.026792 0.148337
0 0.106404 0.552974 0.019903 0.138811
0 0.082291 0.537324 0.026792 0.099345
2 0.476268 0.498538 0.016075 0.019052
2 0.462106 0.501941 0.010717 0.017692
2 0.453303 0.503982 0.013013 0.019052
2 0.444117 0.503982 0.014544 0.019052
2 0.432252 0.506023 0.015310 0.020413
2 0.422300 0.510786 0.013779 0.021774
2 0.406990 0.512147 0.026027 0.029940
2 0.391298 0.517591 0.026792 0.035383
2 0.369481 0.520313 0.030620 0.043548
2 0.573359 0.510106 0.036744 0.050353
2 0.336054 0.524395 0.053585 0.054435
2 0.534829 0.517137 0.044399 0.065323
9 0.618651 0.448866 0.013013 0.025857