2 0.088803 0.461517 0.173706 0.123692
9 0.058001 0.379525 0.012673 0.027728
9 0.315838 0.343132 0.019496 0.013864
9 0.312913 0.378659 0.019496 0.025995
9 0.465958 0.371727 0.011698 0.025995
9 0.598298 0.363863 0.019964 0.027858
8 0.237853 0.074519 0.015597 0.093582
8 0.421604 0.352664 0.006824 0.032927
8 0.503488 0.370860 0.006824 0.020796
8 0.210558 0.081451 0.023395 0.093582
8 0.430865 0.290276 0.007798 0.025995
8 0.556128 0.350064 0.006824 0.020796
8 0.699425 0.344865 0.006824 0.024262
8 0.720383 0.318870 0.005849 0.020796
8 0.310476 0.315404 0.006824 0.031194
8 0.604001 0.074302 0.024584 0.100080
2 0.586834 0.439313 0.011698 0.025995
8 0.606301 0.300197 0.027977 0.053289
9 0.601805 0.210493 0.034971 0.033750
9 0.594311 0.242467 0.035970 0.037303
8 0.621788 0.363257 0.024979 0.033750
2 0.407465 0.447632 0.025979 0.028421