2 0.324812 0.385574 0.018365 0.019589
2 0.303693 0.381493 0.022037 0.037545
2 0.287165 0.391288 0.023874 0.037545
2 0.272932 0.400266 0.021119 0.035913
2 0.258699 0.404347 0.012855 0.034281
2 0.237580 0.407612 0.036729 0.057134
2 0.212788 0.421487 0.023874 0.052237
2 0.159531 0.424752 0.080804 0.094680
2 0.421685 0.379045 0.021119 0.032648
2 0.428113 0.382310 0.019283 0.029383
2 0.446018 0.389655 0.029383 0.040810
2 0.451987 0.398634 0.022956 0.042443
2 0.460710 0.406796 0.016528 0.048972
2 0.475401 0.412509 0.034893 0.063664
2 0.502030 0.426385 0.064276 0.094680
2 0.527281 0.451687 0.076213 0.086518
2 0.068167 0.469643 0.105596 0.102842
2 0.967014 0.440601 0.061642 0.114249