8 0.275718 0.048516 0.018457 0.063281
8 0.350205 0.042656 0.014502 0.056250
8 0.493247 0.197344 0.010547 0.037500
8 0.883481 0.025078 0.026367 0.049219
8 0.527525 0.199687 0.015820 0.028125
8 0.868320 0.118828 0.019775 0.058594
8 0.720005 0.214922 0.021094 0.030469
8 0.306700 0.112969 0.017139 0.046875
8 0.323179 0.121172 0.015820 0.049219
9 0.480064 0.217265 0.015820 0.035156
9 0.507749 0.138750 0.036914 0.065625
9 0.950059 0.205547 0.025049 0.030469
9 0.946103 0.241875 0.019775 0.032812
2 0.322520 0.350859 0.046143 0.072656
2 0.274400 0.368437 0.079102 0.098437
2 0.464243 0.325078 0.031641 0.049219
2 0.443809 0.328594 0.017139 0.028125
2 0.650791 0.318047 0.038232 0.035156
2 0.737803 0.313359 0.035596 0.030469
2 0.773399 0.313359 0.040869 0.030469
2 0.895347 0.308672 0.039551 0.030469
2 0.844590 0.314531 0.032959 0.032812
2 0.930942 0.305156 0.021094 0.023437
2 0.968516 0.295781 0.061963 0.042187
2 0.391734 0.375468 0.118652 0.159375
4 0.126238 0.273379 0.252475 0.489571
4 0.568394 0.298125 0.018457 0.037500