2 0.186920 0.654209 0.013254 0.058214
2 0.168598 0.650744 0.020271 0.037423
2 0.224343 0.668763 0.070948 0.109497
2 0.265664 0.643814 0.024169 0.042967
2 0.324917 0.690939 0.142675 0.184343
2 0.403272 0.666684 0.043660 0.074846
2 0.480846 0.675693 0.094337 0.106725
2 0.721367 0.686088 0.288469 0.268891
2 0.873008 0.754697 0.252605 0.299384
2 0.091041 0.772672 0.181657 0.393634
8 0.325250 0.438912 0.008576 0.044353
8 0.271065 0.557418 0.006237 0.015246
8 0.172050 0.579594 0.007796 0.015246
8 0.124102 0.560652 0.008576 0.013398
8 0.046527 0.524384 0.010915 0.030493
8 0.059001 0.530621 0.009356 0.026335
8 0.382164 0.560421 0.007017 0.019405
8 0.344352 0.538937 0.006237 0.029107
8 0.676481 0.441222 0.024949 0.119199
8 0.713904 0.541709 0.021830 0.034651
9 0.166982 0.601309 0.008576 0.018018
9 0.351368 0.575667 0.014034 0.027721
9 0.298352 0.539630 0.007796 0.013860
9 0.299132 0.524384 0.015593 0.016632
9 0.296793 0.588141 0.007796 0.016632
9 0.442587 0.525770 0.031186 0.033265
9 0.699090 0.466863 0.020271 0.062372
9 0.698700 0.513295 0.024169 0.030493