2 0.107641 0.560708 0.215282 0.230666
2 0.237134 0.459944 0.054631 0.067986
2 0.373030 0.493937 0.086044 0.101978
2 0.509608 0.489081 0.066923 0.097122
2 0.429027 0.473298 0.055997 0.060701
2 0.457025 0.469656 0.032779 0.038849
2 0.271279 0.440519 0.016389 0.029137
2 0.145627 0.436877 0.035510 0.036421
8 0.164748 0.372881 0.008195 0.038849
8 0.251475 0.377737 0.009560 0.024281
8 0.267181 0.388663 0.010926 0.026709
8 0.153138 0.377737 0.009560 0.029137
8 0.307472 0.389877 0.009560 0.019424
9 0.280156 0.382246 0.015024 0.019424
9 0.430392 0.411383 0.017755 0.043705
9 0.566971 0.406527 0.023218 0.029137