8 0.445520 0.393083 0.009004 0.017787
8 0.409502 0.397530 0.009004 0.019565
9 0.745668 0.234783 0.023011 0.021344
2 0.366681 0.472530 0.019009 0.028459
2 0.390193 0.466304 0.028014 0.037352
2 0.346671 0.480534 0.021010 0.044466
2 0.333665 0.482312 0.019009 0.048024
2 0.311654 0.485870 0.043021 0.058696
2 0.280639 0.494763 0.043021 0.069368
2 0.249623 0.500099 0.039019 0.094269
2 0.180589 0.507214 0.123061 0.144071
4 0.472400 0.423320 0.037018 0.046245
4 0.517923 0.427767 0.064032 0.112055
2 0.521925 0.474901 0.056028 0.092490
4 0.660827 0.389526 0.251124 0.316601
2 0.830038 0.528261 0.339924 0.369961
2 0.447786 0.525925 0.119690 0.180308
2 0.075807 0.554976 0.149113 0.167263
8 0.378615 0.390790 0.011698 0.029461