8 0.311385 0.250506 0.015211 0.074884
8 0.157301 0.264027 0.012139 0.056163
8 0.352484 0.495070 0.007020 0.018721
8 0.384076 0.503390 0.009361 0.014561
2 0.390511 0.537712 0.010531 0.012481
2 0.373545 0.537712 0.016381 0.024961
2 0.364769 0.536672 0.012871 0.027042
2 0.322647 0.526272 0.026912 0.039522
2 0.348388 0.528352 0.029252 0.052003
2 0.403967 0.534592 0.023401 0.039522
2 0.415082 0.540832 0.029252 0.043683
2 0.434389 0.552199 0.037442 0.062255
2 0.185164 0.510671 0.070204 0.104006
2 0.241327 0.550193 0.119347 0.149769
2 0.021793 0.468920 0.042123 0.058243
8 0.747020 0.541473 0.018984 0.028125