8 0.429966 0.292265 0.010547 0.030469
8 0.493247 0.298125 0.010547 0.032812
8 0.791856 0.159844 0.022412 0.084375
2 0.459629 0.328594 0.022412 0.037500
2 0.509068 0.337969 0.007910 0.018750
2 0.178160 0.397734 0.076465 0.091406
2 0.226280 0.383672 0.038232 0.049219
2 0.391075 0.353203 0.017139 0.025781
2 0.366026 0.362578 0.032959 0.044531
2 0.476109 0.343828 0.026367 0.035156
2 0.575645 0.373125 0.017139 0.032812
2 0.589488 0.378984 0.023730 0.039844
2 0.614536 0.384843 0.042187 0.051562
2 0.548618 0.383672 0.047461 0.067969
2 0.309721 0.403593 0.104369 0.103125
2 0.075896 0.403593 0.151792 0.150000