2 0.464895 0.621400 0.010300 0.024969
2 0.470513 0.622232 0.010300 0.023305
2 0.480345 0.620567 0.020600 0.029963
2 0.485026 0.627226 0.018727 0.029963
2 0.497667 0.621400 0.027154 0.041615
2 0.507499 0.630555 0.029963 0.053268
2 0.527162 0.632220 0.033708 0.066584
2 0.402815 0.620567 0.014982 0.023305
2 0.439801 0.611412 0.010300 0.011652
2 0.458060 0.617238 0.007491 0.013317
2 0.363957 0.621400 0.019663 0.048274
2 0.385774 0.619652 0.021536 0.026634
2 0.430250 0.620484 0.013109 0.014982
2 0.341423 0.625265 0.042820 0.064495
2 0.564147 0.641292 0.071162 0.093218