2 0.443050 0.393389 0.012673 0.013864
2 0.461084 0.389057 0.009748 0.012131
2 0.449874 0.379525 0.010723 0.010398
2 0.476681 0.385591 0.007798 0.012131
2 0.482530 0.389923 0.007798 0.010398
2 0.493253 0.398588 0.007798 0.010398
2 0.495202 0.412452 0.011698 0.013864
2 0.493740 0.425449 0.016572 0.019063
2 0.479118 0.419384 0.010723 0.017330
2 0.465471 0.420250 0.016572 0.015597
2 0.445487 0.411586 0.011698 0.012131
2 0.443050 0.428049 0.014622 0.017330
2 0.475219 0.438447 0.020471 0.024262
2 0.515673 0.439313 0.029244 0.029461
2 0.544918 0.416785 0.015597 0.019063
2 0.552716 0.436714 0.023395 0.031194
2 0.600482 0.449711 0.085783 0.126508
2 0.401133 0.450578 0.047766 0.072786
2 0.390411 0.407253 0.012673 0.010398
2 0.375301 0.363928 0.027295 0.013864
2 0.406007 0.358729 0.016572 0.013864