9 0.504370 0.359680 0.043996 0.107937
8 0.231090 0.319790 0.021118 0.071958
8 0.149257 0.452421 0.019358 0.070394
2 0.326562 0.591421 0.039597 0.054751
4 0.407075 0.571085 0.096792 0.176767
2 0.132539 0.575778 0.158386 0.114195
2 0.084308 0.750981 0.168616 0.489629
0 0.039707 0.518681 0.037837 0.125145
0 0.176095 0.645390 0.053675 0.253418
0 0.253385 0.646668 0.065490 0.234075
0 0.348362 0.577856 0.007919 0.028158
0 0.340443 0.576292 0.009679 0.025029
0 0.465832 0.608360 0.015839 0.070394
0 0.558224 0.611489 0.031677 0.136095
0 0.595621 0.634954 0.044876 0.251854
0 0.639617 0.654508 0.053675 0.300348
0 0.925477 0.679805 0.070394 0.387949
0 0.871801 0.704052 0.082713 0.405156
0 0.788208 0.700141 0.110871 0.591309